1 768.306 2.244
2 764.513 5.02717
3 756.058 11.2203
4 737.395 24.8342
5 697.107 53.9465
6 614.373 112.405
7 462.444 213.751
8 244.979 335.029
9 64.4138 364.831
10 12.7135 252.357
11 5.65517 145.855
12 3.84053 82.0348
13 3.14741 45.8122
14 2.83019 25.514
15 2.67133 14.1915
16 2.58793 7.88875
17 2.54301 4.38372
18 2.51849 2.43557
19 2.50499 1.35306
20 2.49754 0.75164
21 2.49341 0.417532
22 2.49112 0.231933
23 2.48984 0.128834
24 2.48914 0.0715645
25 2.48875 0.0397524
26 2.48853 0.0220815
27 2.48841 0.0122657
28 2.48834 0.00681328
29 2.4883 0.0037846
30 2.48828 0.00210225
31 2.48827 0.00116775
32 2.48827 0.000648652
33 2.48826 0.00036031
34 2.48826 0.000200143
35 2.48826 0.000111174
36 2.48826 6.17543e-05
37 2.48826 3.43029e-05
38 2.48826 1.90544e-05
39 2.48826 1.05842e-05
40 2.48826 5.87926e-06
41 2.48826 3.26578e-06
42 2.48826 1.81406e-06
43 2.48826 1.00766e-06
44 2.48826 5.5973e-07
45 2.48826 3.10915e-07
46 2.48826 1.72706e-07
47 2.48826 9.59334e-08
48 2.48826 5.32886e-08
49 2.48826 2.96004e-08
50 2.48826 1.64423e-08
51 2.48826 9.13325e-09
52 2.48826 5.07329e-09
53 2.48826 2.81808e-09
54 2.48826 1.56537e-09
55 2.48826 8.69523e-10
56 2.48826 4.82997e-10
57 2.48826 2.68293e-10
58 2.48826 1.4903e-10
59 2.48826 8.27821e-11
60 2.48826 4.59833e-11
61 2.48826 2.55425e-11
62 2.48826 1.41882e-11
63 2.48826 7.88119e-12
64 2.48826 4.3778e-12
65 2.48826 2.43175e-12
66 2.48826 1.35078e-12
67 2.48826 7.50321e-13
68 2.48826 4.16784e-13
69 2.48826 2.31513e-13
70 2.48826 1.28599e-13
71 2.48826 7.14337e-14
72 2.48826 3.96795e-14
73 2.48826 2.2041e-14
74 2.48826 1.22432e-14
75 2.48826 6.80077e-15
76 2.48826 3.77765e-15
77 2.48826 2.09839e-15
78 2.48826 1.1656e-15
79 2.48826 6.47461e-16
80 2.48826 3.59648e-16
81 2.48826 1.99775e-16
82 2.48826 1.1097e-16
83 2.48826 6.16409e-17
84 2.48826 3.42399e-17
85 2.48826 1.90194e-17
86 2.48826 1.05648e-17
87 2.48826 5.86847e-18
88 2.48826 3.25978e-18
89 2.48826 1.81072e-18
90 2.48826 1.00581e-18
91 2.48826 5.58702e-19
92 2.48826 3.10344e-19
93 2.48826 1.72388e-19
94 2.48826 9.57573e-20
95 2.48826 5.31907e-20
96 2.48826 2.95461e-20
97 2.48826 1.64121e-20
98 2.48826 9.11648e-21
99 2.48826 5.06397e-21
caso 1 tiempo I_max(dias): 15
1 769.23 1.57
2 768.022 2.46369
3 766.13 3.86312
4 763.17 6.05015
5 758.553 9.45742
6 751.379 14.7399
7 740.304 22.8672
8 723.375 35.2224
9 697.896 53.6569
10 660.449 80.3725
11 607.367 117.38
12 536.075 165.197
13 447.517 220.715
14 348.743 275.346
15 252.718 316.302
16 172.783 332.977
17 115.25 323.914
18 77.9191 296.462
19 54.819 260.27
20 40.5513 222.484
21 31.5293 187.009
22 25.633 155.503
23 21.647 128.389
24 18.8678 105.49
25 16.8774 86.3826
26 15.4195 70.564
27 14.3314 57.5392
28 13.5068 46.856
29 12.8739 38.1177
30 12.3832 30.9849
31 11.9995 25.1716
32 11.6975 20.4393
33 11.4584 16.5905
34 11.2683 13.4625
35 11.1166 10.9217
36 10.9952 8.85879
37 10.8978 7.18444
38 10.8195 5.82585
39 10.7564 4.72371
40 10.7056 3.82978
41 10.6646 3.10482
42 10.6315 2.51697
43 10.6048 2.04033
44 10.5831 1.65391
45 10.5656 1.34063
46 10.5515 1.08667
47 10.54 0.880799
48 10.5307 0.713923
49 10.5232 0.578657
50 10.5171 0.469015
51 10.5122 0.380144
52 10.5082 0.308112
53 10.5049 0.249727
54 10.5023 0.202405
55 10.5002 0.16405
56 10.4985 0.132962
57 10.4971 0.107766
58 10.4959 0.0873438
59 10.495 0.0707918
60 10.4943 0.0573764
61 10.4937 0.0465032
62 10.4932 0.0376906
63 10.4928 0.030548
64 10.4925 0.0247589
65 10.4922 0.0200669
66 10.492 0.0162641
67 10.4918 0.0131819
68 10.4917 0.0106838
69 10.4916 0.00865915
70 10.4915 0.00701817
71 10.4914 0.00568816
72 10.4914 0.00461021
73 10.4913 0.00373653
74 10.4913 0.00302843
75 10.4912 0.00245451
76 10.4912 0.00198936
77 10.4912 0.00161236
78 10.4912 0.0013068
79 10.4912 0.00105915
80 10.4911 0.000858435
81 10.4911 0.000695754
82 10.4911 0.000563902
83 10.4911 0.000457038
84 10.4911 0.000370425
85 10.4911 0.000300226
86 10.4911 0.000243331
87 10.4911 0.000197217
88 10.4911 0.000159843
89 10.4911 0.000129551
90 10.4911 0.000105
91 10.4911 8.51017e-05
92 10.4911 6.89741e-05
93 10.4911 5.59029e-05
94 10.4911 4.53088e-05
95 10.4911 3.67224e-05
96 10.4911 2.97632e-05
97 10.4911 2.41228e-05
98 10.4911 1.95513e-05
99 10.4911 1.58462e-05
caso 2 tiempo I_max(dias): 30
